102
104	940	1	0	0
1111	2760	1	1	1
3178	6573	1	2	2
6593	8677	1	3	3
8664	11198	1	4	4
11328	14363	1	5	5
14484	15737	1	6	6
15755	16975	1	7	7
17229	17840	2	9	9
17889	18518	2	8	8
18576	19541	2	10	10
20025	21035	2	11	11
21482	21763	2	12	12
22119	22460	2	14	14
22532	23077	2	13	13
25867	26634	2	15	15
27291	27575	2	16	16
28773	29150	1	17	17
30241	30765	1	18	18
30922	31785	2	20	20
30922	32523	2	19	19
32522	33292	1	21	21
33295	34941	2	23	23
34712	35482	2	22	22
35481	37220	1	24	24
37211	39400	1	25	25
39403	40614	2	27	27
40621	42876	2	26	26
42875	47002	1	28	28
47031	47945	1	29	29
47972	48841	1	30	30
49090	49395	1	31	31
49464	50603	2	32	32
50722	50952	1	33	33
50952	51533	1	34	34
51503	52864	1	35	35
52860	53861	1	36	36
53854	54774	2	32	32
54773	55753	1	37	37
55737	56186	1	38	38
56074	57405	1	39	39
57371	58828	1	40	40
58786	58968	1	41	41
59074	60273	2	42	42
60406	61755	1	43	43
61883	62539	1	43	43
62537	63370	2	45	45
63237	65051	2	44	44
64990	67353	1	46	46
67454	68674	2	50	50
68738	69502	2	49	49
69513	70013	2	48	48
70274	71479	2	47	47
71694	71711	1	51	51
71731	72636	2	52	52
72670	74724	1	51	51
74948	75661	1	53	53
75743	75886	1	53	53
76013	76436	1	54	54
76531	76790	1	54	54
76903	77295	2	55	55
77434	77763	2	56	56
77834	78718	1	57	57
78866	79546	2	58	58
79534	82062	1	59	59
82168	82216	1	60	60
82325	83640	1	60	60
83962	85308	2	61	61
86176	88441	2	62	62
88543	89009	2	62	62
89702	90944	2	63	63
91041	91495	2	63	63
92068	93619	2	64	64
93741	94228	2	64	64
94579	95649	2	67	67
95657	96844	2	69	69
96978	97892	2	66	66
97924	100299	2	65	65
100307	101299	2	68	68
101313	104096	1	70	70
104105	112009	1	71	71
112039	112548	2	75	75
112578	113864	2	74	74
113801	114613	2	73	73
114671	114910	2	72	72
115107	116507	1	76	76
116543	117448	1	77	77
118027	118206	2	78	78
122395	122958	2	79	79
123044	123814	2	81	81
124059	127445	2	80	80
128263	129075	1	82	82
129519	130544	1	83	83
130701	134588	2	85	85
134826	135286	2	84	84
135372	135473	2	84	84
135556	135663	2	84	84
135746	135898	2	84	84
135976	136065	2	84	84
136154	136396	2	84	84
136480	136572	2	84	84
136682	136898	2	84	84
